# Created by Octave 5.1.0, Wed Nov 27 22:11:09 2019 GMT <unknown@ABRBE1LT0102014>
# name: Classification_Matrix
# type: matrix
# rows: 74
# columns: 2
 50 75.498175884235224
 2 75
 3 75
 4 75
 5 75
 6 75
 7 75
 8 75
 9 75
 10 75
 11 75
 12 75
 13 75
 14 75
 15 75
 16 75
 17 75
 18 75
 19 75
 20 75
 21 75
 22 75
 23 75
 24 75
 25 75
 26 75
 27 75
 28 75
 29 75
 30 75
 31 75
 32 75
 33 75
 34 75
 35 75
 36 75
 37 75
 38 75
 39 75
 40 75
 41 75
 42 75
 43 75
 44 75
 45 75
 46 75
 47 75
 48 75
 51 75
 52 75
 53 75
 54 75
 55 75
 56 75
 57 75
 58 75
 59 75
 60 75
 61 75
 62 75
 63 75
 64 75
 65 75
 66 75
 67 75
 68 75
 69 75
 70 75
 71 75
 72 75
 73 75
 74 75
 49 73.5
 1 1


# name: N_Matrix
# type: matrix
# rows: 74
# columns: 2
 NaN 0
 0.5 0.41864089173557079
 0.24564893489989123 0.42864418528942133
 0.1690650867936111 0.43799560783862268
 0.12829969826237611 0.43934766900857047
 0.10588347672674915 0.44114393370493005
 0.083989567247833935 0.44208380417004062
 0.073653192427571554 0.44365136199770894
 0.062920743013090835 0.4453777657042346
 0.056696441089866476 0.44618592324001388
 0.050608809515268312 0.44807653748785214
 0.046386715719032856 0.44950006217351968
 0.042521193302235506 0.45053948375234482
 0.039382542152332778 0.45224133200692657
 0.03696025065797847 0.45306919379798183
 0.034084086597436752 0.45477903525528329
 0.032092285312641279 0.45658438388859718
 0.030251416764117089 0.45718997108923026
 0.028870475567355256 0.45900314166363054
 0.027094271475526926 0.46081659305988654
 0.02593930295393938 0.46165916380719946
 0.024658366684040728 0.46324537985614295
 0.023540601914200505 0.4647393785348074
 0.022524958705026348 0.46575825599634763
 0.021775119184397923 0.46766857181674443
 0.020814685706246717 0.4685096439816489
 0.02010006175015288 0.47021971590390177
 0.01950762487927107 0.47178960016857258
 0.018915244636288103 0.47263217091588539
 0.018094730653752826 0.47451905199119382
 0.017557124863461521 0.47625621538895968
 0.016996474094049852 0.47686414962222334
 0.016524090017046481 0.47866949825553728
 0.01604789466483179 0.47959383190979615
 0.015580004496520897 0.48123427238377858
 0.015182128207989481 0.48291721135650539
 0.014816764728600234 0.48374427817413951
 0.014427188684268811 0.4856083411890364
 0.014054662576352775 0.48726026323817595
 0.013702450857736808 0.48818380191901378
 0.013443784065910432 0.48976193044698396
 0.013088488231928791 0.49078787276062352
 0.012825064384460098 0.49233504315677834
 0.012530249030204865 0.49420438639999853
 0.012459829062867673 0.49425013609678675
 0.012153349659150797 0.49630267347717505
 0.011782469326493442 0.49722647509397977
 0.011779325678894928 0.49722873946134066
 0.011548085412133612 0.49722193962681821
 0.0097239696473557496 0.49745438622370419
 0.0093585246903952757 0.49746561953001822
 0.008200261339272593 0.49786716849799778
 0.0070776549199328556 0.49804004412032238
 0.004961126107301604 0.49817002370344449
 0.0040634461787727935 0.49831124772891638
 0.0032344829250227354 0.49837177876900957
 0.0026562630882546547 0.4983743078296346
 0.0025168281688266541 0.49851229097063154
 0.0023293797435658464 0.49857586027157713
 0.0015390498443959082 0.49871903250860189
 0.0013819354109794704 0.49872061979841781
 0.0010783138285744157 0.49873769973739657
 0.00098837700454500817 0.49886379203544268
 0.00090077903498105331 0.4988653793252586
 0.00072130789291418001 0.49888245926423735
 0.00066543937844605128 0.49900855156228335
 0.00060966132131384863 0.49901013885209927
 0.00048150128433011117 0.49920232951171578
 0.00032358942833481732 0.49934708903855657
 0.00028730562570187488 0.49936396635391278
 0.00023081470235252803 0.49956572141947786
 0.00013567142411114458 0.49971048094631854
 6.0659158838335662e-05 0.49985524047315921
 0 0.5


# name: decision_variables
# type: matrix
# rows: 74
# columns: 2
 NaN -0
 1170752.6742445575 111643.8854501312
 575872.54453512596 114311.58127654737
 396757.07876272855 116805.4350029489
 301414.3696312696 117166.005041278
 248986.97063665293 117645.03605319632
 197781.16300405076 117895.6823532024
 173606.29276561528 118313.72141723917
 148505.07725754043 118774.12177816182
 133947.58549323017 118989.64264373266
 119709.7404136554 119493.83495911059
 109835.04339140629 119873.46301284236
 100794.30092078181 120150.6577780256
 93453.575996229512 120604.50964806233
 87788.283901665665 120825.28527890418
 81061.467763792403 121281.26879022687
 76403.012702131105 121762.72232234517
 72097.561413798307 121924.22137652799
 68867.795193132202 122407.76087758025
 64713.582117117025 122891.37526869633
 62012.324217285182 123116.07350972733
 59016.45103669948 123539.08838085765
 56402.205835856788 123937.51056234111
 54026.804090343248 124209.22658638342
 52273.068043996718 124718.67295160056
 50026.791654963323 124942.97154805301
 48355.418305190833 125399.01652017217
 46969.817963961243 125817.67600249902
 45584.350064920538 126042.37424353001
 43665.319514893643 126545.57098992623
 42407.958936768446 127008.84076413365
 41096.700411870828 127170.9657290847
 39991.881366234695 127652.41926120302
 38878.148452315079 127898.9221773084
 37783.839828504118 128336.3977129776
 36853.280728872596 128785.20682264613
 35998.763080500961 129005.77044858516
 35087.616717923906 129502.88203470901
 34216.347005292591 129943.41949692895
 33392.588894537352 130189.71040813155
 32787.615077688446 130610.56848501903
 31956.64379112815 130884.16857617965
 31340.544100375697 131296.77068431114
 30651.025477323506 131795.29041096239
 30486.326189403502 131807.49102014423
 29769.52751052002 132354.86527980666
 28902.10696203107 132601.22631123295
 28894.754551336708 132601.83017668242
 28353.926307386271 132600.01678491518
 24087.656683828835 132662.00605005462
 23232.948474477555 132665.00176783593
 20523.984577344469 132772.08754915526
 17898.415653201686 132818.19032257501
 12948.245957249073 132852.85350521057
 10848.738522080312 132890.51537540491
 8909.9466883559398 132906.65789908034
 7557.5973621921976 132907.33235339259
 7231.4848573253257 132944.129938845
 6793.0776366239315 132961.08271124019
 4944.6420786819581 132999.2641339
 4577.1804582904406 132999.68743512518
 3867.0656952458539 133004.2423431346
 3656.7200868120503 133037.86885778501
 3451.8446266838278 133038.29215901019
 3032.0947969364242 133042.84706701961
 2901.4286677405712 133076.47358167
 2770.974101534272 133076.89688289518
 2471.2314627745545 133128.15062425297
 2101.9048183582449 133166.75534813799
 2017.043710313972 133171.25622012524
 1884.9218817844219 133225.06061399501
 1662.3993392547168 133263.66533788
 1486.9595152550658 133302.27006176498
 1345.0889543293167 133340.87478565


# name: c1
# type: scalar
0.5


# name: c2
# type: scalar
0.5


